306974
306973
304410
304160
303638
303073
301905
301904
301903
299994
299937
299936
299782
299781
299779
299778
299777
299123
299078
298129
297485
297290
297289
297288
295806
295232
293589
293588
293330
292566
292553
292552
292551
292550
292274
290886
290720
290486
290157
288338
287683
286877
286643
286595
286408
286321
286261
286199
286198
286197
286196
286195
286194
286193
286192
286191
286190
286189
286188
286187
286186
286185
286184
286183
284654
284653
284652
284651
284650
284649
284648
284647
284646
284645
284644
284643
284642
284641
284640
284639
284638
284637
284636
284635
284634
284633
284632
284631
284630
284629
284628
284627
284626
284625
284624
284623
284622
284621
284620
284619
284618
284617
284616
284615
284614
284613
284612
284611
284610
284609
284608
284607
284606
284605
284604
284603
284602
284601
284600
284599
284598
284597
284596
284595
284594
284593
284592
284591
284590
284589
284588
284587
284586
284585
284584
284583
284582
284581
284580
284579
284578
284577
284576
284575
284574
284573
284572
284571
284570
284569
284568
284567
284566
284565
284564
284563
284562
284561
284560
284559
284558
284557
284556
284555
284554
284553
284552
284551
284550
284549
284548
284547
284546
284545
284544
284543
284542
284541
284540
284539
284538
284537
284536
284535
284534
284533
284532
284531
284530
284529
284528
284527
284526
284525
284524
284523
284522
284521
284520
284519
284518
284517
284516
284515
284514
284513
284512
284511
284510
284509
284508
284507
284506
284505
284504
284503
284502
284501
284500
284499
284498
284497
284496
284495
284494
284493
284492
284491
284490
284489
284488
284487
284486
284485
284484
284483
284482
284481
284480
284479
284478
284477
284476
284475
284474
284473
284472
284471
284470
284469
284468
284467
284466
284465
284464
284463
284462
284461
284460
284459
284458
284457
284456
284455
284454
284453
284452
284451
284450
284449
284448
284447
284446
284445
284444
284443
284442
284441
284440
284439
284438
284437
284436
284435
284434
284433
284432
284431
284430
284429
284428
284427
284426
284425
284424
284423
284422
284421
284420
284419
284418
284417
284416
284415
284414
284413
284412
284411
284410
284409
284408
284407
284406
284405
284404
284403
284402
284401
284400
284399
284398
284397
284396
284395
284394
284393
284392
284391
284390
284389
284388
284387
284386
284385
284384
284383
284382
284381
284380
284379
284378
284377
284376
284375
284374
284373
284372
284371
284370
284369
284368
284367
284366
284365
284364
284363
284362
284361
284360
284359
284358
284357
284356
284355
284354
284353
284352
284351
284350
284349
284348
284347
284346
284345
284344
284343
284342
284341
284340
284339
284338
284337
284336
284335
284334
284333
284332
284331
284330
284329
284328
284327
284326
284325
284324
284323
284322
284321
284320
284319
284318
284317
284316
284315
284314
284313
284312
284311
284310
284309
284308
284307
284306
284305
284304
284303
284302
284301
284300
284299
284298
284297
284296
284295
284294
284293
284292
284291
284290
284289
284288
284287
284286
284285
284284
284283
284282
284281
284280
284279
284278
284277
284276
284275
284274
284273
284272
284271
284270
284269
284268
284267
284266
284265
284264
284263
284262
284261
284260
284259
284258
284257
284256
284255
284254
284253
284252
284251
284250
284249
284248
284247
284246
284245
284244
284243
284242
284241
284240
284239
284238
284237
284236
284235
284234
284233
284232
284231
284230
284229
284228
284227
284226
284225
284224
284223
284222
284221
284220
284219
284218
284217
284216
284215
284214
284213
284212
284211
284210
284209
284208
284207
284206
284205
284204
284203
284202
284201
284200
284199
284198
284197
284196
284195
284194
284193
284192
284191
284190
284189
284188
284187
284186
284185
284184
284183
284182
284181
284180
284179
284178
284177
284176
284175
284174
284173
284172
284171
284170
284169
284168
284167
284166
284165
284164
284163
284162
284161
284160
284159
284158
284157
284156
284155
284154
284153
284152
284151
284150
284149
284148
284147
284146
284145
284144
284143
284142
284141
284140
284139
284138
284137
284136
284135
284134
284133
284132
284131
284130
284129
284128
284127
284126
284125
284124
284123
284122
284121
284120
284119
284118
284117
284116
284115
284114
284113
284112
284111
284110
284109
284108
284107
284106
284105
284104
284103
284102
284101
284100
284099
284098
284097
284096
284095
284094
284093
284092
284091
284090
284089
284088
284087
284086
284085
284084
284083
284082
284081
284080
284079
284078
284077
284076
284075
284074
284073
284072
284071
284070
284069
284068
284067
284066
284065
284064
284063
284062
284061
284060
284059
284058
284057
284056
284055
284054
284053
284052
284051
284050
284049
284048
284047
284046
284045
284044
284043
284042
284041
284040
284039
284038
284037
284036
284035
284034
284033
284032
284031
284030
284029
284028
284027
284026
284025
284024
284023
284022
284021
284020
284019
284018
284017
284016
284015
284014
284013
284012
284011
284010
284009
284008
284007
284006
284005
284004
284003
284002
284001
284000
283999
283998
283997
283996
283995
283994
283993
283992
283991
283990
283989
283988
283987
283986
283985
283984
283983
283982
283981
283980
283979
283978
283977
283976
283975
283974
283973
283972
283971
283970
283969
283968
283967
283966
283965
283964
283963
283962
283961
283960
283959
283958
283957
283956
283955
283954
283953
283952
283951
283950
283949
283948
283947
283946
283945
283944
283943
283942
283941
283940
283939
283938
283937
283936
283935
283934
283933
283932
283931
283930
283929
283928
283927
283926
283925
283924
283923
283922
283921
283920
283919
283918
283917
283916
283915
283914
283913
283912
283911
283910
283909
283908
283907
283906
283905
283904
283903
283902
283901
283900
283899
283898
283897
283896
283895
283894
283893
283892
283891
283890
283889
283888
283887
283886
283885
283884
283883
283882
283881
283880
283879
283878
283877
283876
283875
283874
283873
283872
283871
283870
283869
283868
283867
283866
283865
283864
283863
283862
283861
283860
283859
283858
283857
283856
283855
283854
283853
283852
283851
283850
283849
283848
283847
283846
283845
283844
283843
283842
283841
283840
283839
283838
283837
283836
283835
283834
283833
283832
283831
283830
283829
283828
283827
283826
283825
283824
283823
283822
283821
283820
283819
283818
283817
283816
283815
283814
283813
283812
283811
283810
283809
283808
283807
283806
283805
283804
283803
283802
283801
283800
283799
283798
283797
283796
283795
283794
283793
283792
283791
283790
283789
283788
283787
283786
283785
283784
283783
283782
283781
283780
283779
283778
283777
283776
283775
283774
283773
283772
283771
283770
283769
283768
283767
283766
283765
283764
283763
283762
283761
283760
283759
283758
283757
283756
283755
283754
283753
283752
283751
283750
283749
283748
283747
283746
283745
283744
283743
283742
283741
283740
283739
283738
283737
283736
283735
283734
283733
283732
283731
283730
283729
283728
283727
283726
283725
283724
283723
283722
283721
283720
283719
283718
283717
283716
283715
283714
283713
283712
283711
283710
283709
283708
283707
283706
283705
283704
283703
283702
283701
283700
283699
283698
283697
283696
283695
283694
283693
283692
283691
283690
283689
283688
283687
283686
283685
283684
283683
283682
283681
283680
283679
283678
283677
283676
283675
283674
283673
283672
283671
283670
283669
283668
283667
283666
283665
283664
283663
283662
283661
283660
283659
283658
283657
283656
283655
283654
283653
283652
283651
283650
283649
283648
283647
283646
283645
283644
283643
283642
283641
283640
283639
283638
283637
283636
283635
283634
283633
283632
283631
283630
283629
283628
283627
283626
283625
283624
283623
283622
283621
283620
283619
283618
283617
283616
283615
283614
283613
283612
283611
283610
283609
283608
283607
283606
283605
283604
283603
283602
283601
283600
283599
283598
283597
283596
283595
283594
283593
283592
283591
283590
283589
283588
283587
283586
283585
283584
283583
283582
283581
283580
283579
283578
283577
283576
283575
283574
283573
283572
283571
283570
283569
283568
283567
283566
283565
283564
283563
283562
283561
283560
283559
283558
283557
283556
283555
283554
283553
283552
283551
283550
283549
283548
283547
283546
283545
283544
283543
283542
283541
283540
283539
283538
283537
283536
283535
283534
283533
283532
283531
283530
283529
283528
283527
283526
283525
283524
283523
283522
283521
283520
283519
283518
283517
283516
283515
283514
283513
283512
283511
283510
283509
283508
283507
283506
283505
283504
283503
283502
283501
283500
283499
283498
283497
283496
283495
283494
283493
283492
283491
283490
283489
283488
283487
283486
283485
283484
283483
283482
283481
283480
283479
283478
283477
283476
283475
283474
283473
283472
283471
283470
283469
283468
283467
283466
283465
283464
283463
283462
283461
283460
283459
283458
283457
283456
283455
283454
283453
283452
283451
283450
283449
283448
283447
283446
283445
283444
283443
283442
283441
283440
283439
283438
283437
283436
283435
283434
283433
283432
283431
283430
283429
283428
283427
283426
283425
283424
283423
283422
283421
283420
283419
283418
283417
283416
283415
283414
283413
283412
283411
283410
283409
283408
283407
283406
283405
283404
283403
283402
283401
283400
283399
283398
283397
283396
283395
283394
283393
283392
283391
283390
283389
283388
283387
283386
283385
283384
283383
283382
283381
283380
283379
283378
283377
283376
283375
283374
283373
283372
283371
283370
283369
283368
283367
283366
283365
283364
283363
283362
283361
283360
283359
283358
283357
283356
283355
283354
283353
283352
283351
283350
283349
283348
283347
283346
283345
283344
283343
283342
283341
283340
283339
283338
283337
283336
283335
283334
283333
283332
283331
283330
283329
283328
283327
283326
283325
283324
283323
283322
283321
283320
283319
283318
283317
283316
283315
283314
283313
283312
283311
283310
283309
283308
283307
283306
283305
283304
283303
283302
283301
283300
283299
283298
283297
283296
283295
283294
283293
283292
283291
283290
283289
283288
283287
283286
283285
283284
283283
283282
283281
283280
283279
283278
283277
283276
283275
283274
283273
283272
283271
283270
283269
283268
283267
283266
283265
283264
283263
283262
283261
283260
283259
283258
283257
283256
283255
283254
283253
283252
283251
283250
283249
283248
283247
283246
283245
283244
283243
283242
283241
283240
283239
283238
283237
283236
283235
283234
283233
283232
283231
283230
283229
283228
283227
283226
283225
283224
283223
283222
283221
283220
283219
283218
283217
283216
283215
283214
283213
283212
283211
283210
283209
283208
283207
283206
283205
283204
283203
283202
283201
283200
283199
283198
283197
283196
283195
283194
283193
283192
283191
283190
283189
283188
283187
283186
283185
283184
283183
283182
283181
283180
283179
283178
283177
283176
283175
283174
283173
283172
283171
283170
283169
283168
283167
283166
283165
283164
283163
283162
283161
283160
283159
283158
283157
283156
283155
283154
283153
283152
283151
283150
283149
283148
283147
283146
283145
283144
283143
283142
283141
283140
283139
283138
283137
283136
283135
283134
283133
283132
283131
283130
283129
283128
283127
283126
283125
283124
283123
283122
283121
283120
283119
283118
283117
283116
283115
283114
283113
283112
283111
283110
283109
283108
283107
283106
283105
283104
283103
283102
283101
283100
283099
283098
283097
283096
283095
283094
283093
283092
283091
283090
283089
283088
283087
283086
283085
283084
283083
283082
283081
283080
283079
283078
283077
283076
283075
283074
283073
283072
283071
283070
283069
283068
283067
283066
283065
283064
283063
283062
283061
283060
283059
283058
283057
283056
283055
283054
283053
283052
283051
283050
283049
283048
283047
283046
283045
283044
283043
283042
283041
283040
283039
283038
283037
283036
283035
283034
283033
283032
283031
283030
283029
283028
283027
283026
283025
283024
283023
283022
283021
283020
283019
283018
283017
283016
283015
283014
283013
283012
283011
283010
283009
283008
283007
283006
283005
283004
283003
283002
283001
283000
282999
282998
282997
282996
282995
282994
282993
282992
282991
282990
282989
282988
282987
282986
282985
282984
282983
282982
282981
282980
282979
282978
282977
282976
282975
282974
282973
282972
282971
282970
282969
282968
282967
282966
282965
282964
282963
282962
282961
282960
282959
282958
282957
282956
282955
282954
282953
282952
282951
282950
282949
282948
282947
282946
282945
282944
282943
282942
282941
282940
282939
282938
282937
282936
282935
282934
282933
282932
282931
282930
282929
282928
282927
282926
282925
282924
282923
282922
282921
282920
282919
282918
282917
282916
282915
282914
282913
282912
282911
282910
282909
282908
282907
282906
282905
282904
282903
282902
282901
282900
282899
282898
282897
282896
282895
282894
282893
282892
282891
282890
282889
282888
282887
282886
282885
282884
282883
282882
282881
282880
282879
282878
282877
282876
282875
282874
282873
282872
282871
282870
282869
282868
282867
282866
282865
282864
282863
282862
282861
282860
282859
282858
282857
282856
282855
282854
282853
282852
282851
282850
282849
282848
282847
282846
282845
282844
282843
282842
282841
282840
282839
282838
282837
282836
282835
282834
282833
282832
282831
282830
282829
282828
282827
282826
282825
282824
282823
282822
282821
282820
282819
282818
282817
282816
282815
282814
282813
282812
282811
282810
282809
282808
282807
282806
282805
282804
282803
282802
282801
282800
282799
282798
282797
282796
282795
282794
282793
282792
282791
282790
282789
282788
282787
282786
282785
282784
282783
282782
282781
282780
282779
282778
282777
282776
282775
282774
282773
282772
282771
282770
282769
282768
282767
282766
282765
282764
282763
282762
282761
282760
282759
282758
282757
282756
282755
282754
282753
282752
282751
282750
282749
282748
282747
282746
282745
282744
282743
282742
282741
282740
282739
282738
282737
282736
282735
282734
282733
282732
282731
282730
282729
282728
282727
282726
282725
282724
282723
282722
282721
282720
282719
282718
282717
282716
282715
282714
282713
282712
282711
282710
282709
282708
282707
282706
282705
282704
282703
282702
282701
282700
282699
282698
282697
282696
282695
282694
282693
282692
282691
282690
282689
282688
282687
282686
282685
282684
282683
282682
282681
282680
282679
282678
282677
282676
282675
282674
282673
282672
282671
282670
282669
282668
282667
282666
282665
282664
282663
282662
282661
282660
282659
282658
282657
282656
282655
282654
282653
282652
282651
282650
282649
282648
282647
282646
282645
282644
282643
282642
282641
282640
282639
282638
282637
282636
282635
282634
282633
282632
282631
282630
282629
282628
282627
282626
282625
282624
282623
282622
282621
282620
282619
282618
282617
282616
282615
282614
282613
282612
282611
282610
282609
282608
282607
282606
282605
282604
282603
282602
282601
282600
282599
282598
282597
282596
282595
282594
282593
282592
282591
282590
282589
282588
282587
282586
282585
282584
282583
282582
282581
282580
282579
282578
282577
282576
282575
282574
282573
282572
282571
282570
282569
282568
282567
282566
282565
282564
282563
282562
282561
282560
282559
282558
282557
282556
282555
282554
282553
282552
282551
282550
282549
282548
282547
282546
282545
282544
282543
282542
282541
282540
282539
282538
282537
282536
282535
282534
282533
282532
282531
282530
282529
282528
282527
282526
282525
282524
282523
282522
282521
282520
282519
282518
282517
282516
282515
282514
282513
282512
282511
282510
282509
282508
282507
282506
282505
282504
282503
282502
282501
282500
282499
282498
282497
282496
282495
282494
282493
282492
282491
282490
282489
282488
282487
282486
282485
282484
282483
282482
282481
282480
282479
282478
282477
282476
282475
282474
282473
282472
282471
282470
282469
282468
282467
282466
282465
282464
282463
282462
282461
282460
282459
282458
282457
282456
282455
282454
282453
282452
282451
282450
282449
282448
282447
282446
282445
282444
282443
282442
282441
282440
282439
282438
282437
282436
282435
282434
282433
282432
282431
282430
282429
282428
282427
282426
282425
282424
282423
282422
282421
282420
282419
282418
282417
282416
282415
282414
282413
282412
282411
282410
282409
282408
282407
282406
282405
282404
282403
282402
282401
282400
282399
282398
282397
282396
282395
282394
282393
282392
282391
282390
282389
282388
282387
282386
282385
282384
282383
282382
282381
282380
282379
282378
282377
282376
282375
282374
282373
282372
282371
282370
282369
282368
282367
282366
282365
282364
282363
282362
282361
282360
282359
282358
282357
282356
282355
282354
282353
282352
282351
282350
282349
282348
282347
282346
282345
282344
282343
282342
282341
282340
282339
282338
282337
282336
282335
282334
282333
282332
282331
282330
282329
282328
282327
282326
282325
282324
282323
282322
282321
282320
282319
282318
282317
282316
282315
282314
282313
282312
282311
282310
282309
282308
282307
282306
282305
282304
282303
282302
282301
282300
282299
282298
282297
282296
282295
282294
282293
282292
282291
282290
282289
282288
282287
282286
282285
282284
282283
282282
282281
282280
282279
282278
282277
282276
282275
282274
282273
282272
282271
282270
282269
282268
282267
282266
282265
282264
282263
282262
282261
282260
282259
282258
282257
282256
282255
282254
282253
282252
282251
282250
282249
282248
282247
282246
282245
282244
282243
282242
282241
282240
282239
282238
282237
282236
282235
282234
282233
282232
282231
282230
282229
282228
282227
282226
282225
282224
282223
282222
282221
282220
282219
282218
282217
282216
282215
282214
282213
282212
282211
282210
282209
282208
282207
282206
282205
282204
282203
282202
282201
282200
282199
282198
282197
282196
282195
282194
282193
282192
282191
282190
282189
282188
282187
282186
282185
282184
282183
282182
282181
282180
282179
282178
282177
282176
282175
282174
282173
282172
282171
282170
282169
282168
282167
282166
282165
282164
282163
282162
282161
282160
282159
282158
282157
282156
282155
282154
282153
282152
282151
282150
282149
282148
282147
282146
282145
282144
282143
282142
282141
282140
282139
282138
282137
282136
282135
282134
282133
282132
282131
282130
282129
282128
282127
282126
282125
282124
282123
282122
282121
282120
282119
282118
282117
282116
282115
282114
282113
282112
282111
282110
282109
282108
282107
282106
282105
282104
282103
282102
282101
282100
282099
282098
282097
282096
282095
282094
282093
282092
282091
282090
282089
282088
282087
282086
282085
282084
282083
282082
282081
282080
282079
282078
282077
282076
282075
282074
282073
282072
282071
282070
282069
282068
282067
282066
282065
282064
282063
282062
282061
282060
282059
282058
282057
282056
282055
282054
282053
282052
282051
282050
282049
282048
282047
282046
282045
282044
282043
282042
282041
282040
282039
282038
282037
282036
282035
282034
282033
282032
282031
282030
282029
282028
282027
282026
282025
282024
282023
282022
282021
282020
282019
282018
282017
282016
282015
282014
282013
282012
282011
282010
282009
282008
282007
282006
282005
282004
282003
282002
282001
282000
281999
281998
281997
281996
281995
281994
281993
281992
281991
281990
281989
281988
281987
281986
281985
281984
281983
281982
281981
281980
281979
281978
281977
281976
281975
281974
281973
281972
281971
281970
281969
281968
281967
281966
281965
281964
281963
281962
281961
281960
281959
281958
281957
281956
281955
281954
281953
281952
281951
281950
281949
281948
281947
281946
281945
281944
281943
281942
281941
281940
281939
281938
281937
281936
281935
281934
281933
281932
281931
281930
281929
281928
281927
281926
281925
281924
281923
281922
281921
281920
281919
281918
281917
281916
281915
281914
281913
281912
281911
281910
281909
281908
281907
281906
281905
281904
281903
281902
281901
281900
281899
281898
281897
281896
281895
281894
281893
281892
281891
281890
281889
281888
281887
281886
281885
281884
281883
281882
281881
281880
281879
281878
281877
281876
281875
281874
281873
281872
281871
281870
281869
281868
281867
281866
281865
281864
281863
281862
281861
281860
281859
281858
281857
281856
281855
281854
281853
281852
281851
281850
281849
281848
281847
281846
281845
281844
281843
281842
281841
281840
281839
281838
281837
281836
281835
281834
281833
281832
281831
281830
281829
281828
281827
281826
281825
281824
281823
281822
281821
281820
281819
281818
281817
281816
281815
281814
281813
281812
281811
281810
281809
281808
281807
281806
281805
281804
281803
281802
281801
281800
281799
281798
281797
281796
281795
281794
281793
281792
281791
281790
281789
281788
281787
281786
281785
281784
281783
281782
281781
281780
281779
281778
281777
281776
281775
281774
281773
281772
281771
281770
281769
281768
281767
281766
281765
281764
281763
281762
281761
281760
281759
281758
281757
281756
281755
281754
281753
281752
281751
281750
281749
281748
281747
281746
281745
281744
281743
281742
281741
281740
281739
281738
281737
281736
281735
281734
281733
281732
281731
281730
281729
281728
281727
281726
281725
281724
281723
281722
281721
281720
281719
281718
281717
281716
281715
281714
281713
281712
281711
281710
281709
281708
281707
281706
281705
281704
281703
281702
281701
281700
281699
281698
281697
281696
281695
281694
281693
281692
281691
281690
281689
281688
281687
281686
281685
281684
281683
281682
281681
281680
281679
281678
281677
281676
281675
281674
281673
281672
281671
281670
281669
281668
281667
281666
281665
281664
281663
281662
281661
281660
281659
281658
281657
281656
281655
281654
281653
281652
281651
281650
281649
281648
281647
281646
281645
281644
281643
281642
281641
281640
281639
281638
281637
281636
281635
281634
281633
281632
281631
281630
281629
281628
281627
281626
281625
281624
281623
281622
281621
281620
281619
281618
281617
281616
281615
281614
281613
281612
281611
281610
281609
281608
281607
281606
281605
281604
281603
281602
281601
281600
281599
281598
281597
281596
281595
281594
281593
281592
281591
281590
281589
281588
281587
281586
281585
281584
281583
281582
281581
281580
281579
281578
281577
281576
281575
281574
281573
281572
281571
281570
281569
281568
281567
281566
281565
281564
281563
281562
281561
281560
281559
281558
281557
281556
281555
281554
281553
281552
281551
281550
281549
281548
281547
281546
281545
281544
281543
281542
281541
281540
281539
281538
281537
281536
281535
281534
281533
281532
281531
281530
281529
281528
281527
281526
281525
281524
281523
281522
281521
281520
281519
281518
281517
281516
281515
281514
281513
281512
281511
281510
281509
281508
281507
281506
281505
281504
281503
281502
281501
281500
281499
281498
281497
281496
281495
281494
281493
281492
281491
281490
281489
281488
281487
281486
281485
281484
281483
281482
281481
281480
281479
281478
281477
281476
281475
281474
281473
281472
281471
281470
281469
281468
281467
281466
281465
281464
281463
281462
281461
281460
281459
281458
281457
281456
281455
281454
281453
281452
281451
281450
281449
281448
281447
281446
281445
281444
281443
281442
281441
281440
281439
281438
281437
281436
281435
281434
281433
281432
281431
281430
281429
281428
281427
281426
281425
281424
281423
281422
281421
281420
281419
281418
281417
281416
281415
281414
281413
281412
281411
281410
281409
281408
281407
281406
281405
281404
281403
281402
281401
281400
281399
281398
281397
281396
281395
281394
281393
281392
281391
281390
281389
281388
281387
281386
281385
281384
281383
281382
281381
281380
281379
281378
281377
281376
281375
281374
281373
281372
281371
281370
281369
281368
281367
281366
281365
281364
281363
281362
281361
281360
281359
281358
281357
281356
281355
281354
281353
281352
281351
281350
281349
281348
281347
281346
281345
281344
281343
281342
281341
281340
281339
281338
281337
281336
281335
281334
281333
281332
281331
281330
281329
281328
281327
281326
281325
281324
281323
281322
281321
281320
281319
281318
281317
281316
281315
281314
281313
281312
281311
281310
281309
281308
281307
281306
281305
281304
281303
281302
281301
281300
281299
281298
281297
281296
281295
281294
281293
281292
281291
281290
281289
281288
281287
281286
281285
281284
281283
281282
281281
281280
281279
281278
281277
281276
281275
281274
281273
281272
281271
281270
281269
281268
281267
281266
281265
281264
281263
281262
281261
281260
281259
281258
281257
281256
281255
281254
281253
281252
281251
281250
281249
281248
281247
281246
281245
281244
281243
281242
281241
281240
281239
281238
281237
281236
281235
281234
281233
281232
281231
281230
281229
281228
281227
281226
281225
281224
281223
281222
281221
281220
281219
281218
281217
281216
281215
281214
281213
281212
281211
281210
281209
281208
281207
281206
281205
281204
281203
281202
281201
281200
281199
281198
281197
281196
281195
281194
281193
281192
281191
281190
281189
281188
281187
281186
281185
281184
281183
281182
281181
281180
281179
281178
281177
281176
281175
281174
281173
281172
281171
281170
281169
281168
281167
281166
281165
281164
281163
281162
281161
281160
281159
281158
281157
281156
281155
281154
281153
281152
281151
281150
281149
281148
281147
281146
281145
281144
281143
281142
281141
281140
281139
281138
281137
281136
281135
281134
281133
281132
281131
281130
281129
281128
281127
281126
281125
281124
281123
281122
281121
281120
281119
281118
281117
281116
281115
281114
281113
281112
281111
281110
281109
281108
281107
281106
281105
281104
281103
281102
281101
281100
281099
281098
281097
281096
281095
281094
281093
281092
281091
281090
281089
281088
281087
281086
281085
281084
281083
281082
281081
281080
281079
281078
281077
281076
281075
281074
281073
281072
281071
281070
281069
281068
281067
281066
281065
281064
281063
281062
281061
281060
281059
281058
281057
281056
281055
281054
281053
281052
281051
281050
281049
281048
281047
281046
281045
281044
281043
281042
281041
281040
281039
281038
281037
281036
281035
281034
281033
281032
281031
281030
281029
281028
281027
281026
281025
281024
281023
281022
281021
281020
281019
281018
281017
281016
281015
281014
281013
281012
281011
281010
281009
281008
281007
281006
281005
281004
281003
281002
281001
281000
280999
280998
280997
280996
280995
280994
280993
280992
280991
280990
280989
280988
280987
280986
280985
280984
280983
280982
280981
280980
280979
280978
280977
280976
280975
280974
280973
280972
280971
280970
280969
280968
280967
280966
280965
280964
280963
280962
280961
280960
280959
280958
280957
280956
280955
280954
280953
280952
280951
280950
280949
280948
280947
280946
280945
280944
280943
280942
280941
280940
280939
280938
280937
280936
280935
280934
280933
280932
280931
280930
280929
280928
280927
280926
280925
280924
280923
280922
280921
280920
280919
280918
280917
280916
280915
280914
280913
280912
280911
280910
280909
280908
280907
280906
280905
280904
280903
280902
280901
280900
280899
280898
280897
280896
280895
280894
280893
280892
280891
280890
280889
280888
280887
280886
280885
280884
280883
280882
280881
280880
280879
280878
280877
280876
280875
280874
280873
280872
280871
280870
280869
280868
280867
280866
280865
280864
280863
280862
280861
280860
280859
280858
280857
280856
280855
280854
280853
280852
280851
280850
280849
280848
280847
280846
280845
280844
280843
280842
280841
280840
280839
280838
280837
280836
280835
280834
280833
280832
280831
280830
280829
280828
280827
280826
280825
280824
280823
280822
280821
280820
280819
280818
280817
280816
280815
280814
280813
280812
280811
280810
280809
280808
280807
280806
280805
280804
280803
280802
280801
280800
280799
280798
280797
280796
280795
280794
280793
280792
280791
280790
280789
280788
280787
280786
280785
280784
280783
280782
280781
280780
280779
280778
280777
280776
280775
280774
280773
280772
280771
280770
280769
280768
280767
280766
280765
280764
280763
280762
280761
280760
280759
280758
280757
280756
280755
280754
280753
280752
280751
280750
280749
280748
280747
280746
280745
280744
280743
280742
280741
280740
280739
280738
280737
280736
280735
280734
280733
280732
280731
280730
280729
280728
280727
280726
280725
280724
280723
280722
280721
280720
280719
280718
280717
280716
280715
280714
280713
280712
280711
280710
280709
280708
280707
280706
280705
280704
280703
280702
280701
280700
280699
280698
280697
280696
280695
280694
280693
280692
280691
280690
280689
280688
280687
280686
280685
280684
280683
280682
280681
280680
280679
280678
280677
280676
280675
280674
280673
280672
280671
280670
280669
280668
280667
280666
280665
280664
280663
280662
280661
280660
280659
280658
280657
280656
280655
280654
280653
280652
280651
280650
280649
280648
280647
280646
280645
280644
280643
280642
280641
280640
280639
280638
280637
280636
280635
280634
280633
280632
280631
280630
280629
280628
280627
280626
280625
280624
280623
280622
280621
280620
280619
280618
280617
280616
280615
280614
280613
280612
280611
280610
280609
280608
280607
280606
280605
280604
280603
280602
280601
280600
280599
280598
280597
280596
280595
280594
280593
280592
280591
280590
280589
280588
280587
280586
280585
280584
280583
280582
280581
280580
280579
280578
280577
280576
280575
280574
280573
280572
280571
280570
280569
280568
280567
280566
280565
280564
280563
280562
280561
280560
280559
280558
280557
280556
280555
280554
280553
280552
280551
280550
280549
280548
280547
280546
280545
280544
280543
280542
280541
280540
280539
280538
280537
280536
280535
280534
280533
280532
280531
280530
280529
280528
280527
280526
280525
280524
280523
280522
280521
280520
280519
280518
280517
280516
280515
280514
280513
280512
280511
280510
280509
280508
280507
280506
280505
280504
280503
280502
280501
280500
280499
280498
280497
280496
280495
280494
280493
280492
280491
280490
280489
280488
280487
280486
280485
280484
280483
280482
280481
280480
280479
280478
280477
280476
280475
280474
280473
280472
280471
280470
280469
280468
280467
280466
280465
280464
280463
280462
280461
280460
280459
280458
280457
280456
280455
280454
280453
280452
280451
280450
280449
280448
280447
280446
280445
280444
280443
280442
280441
280440
280439
280438
280437
280436
280435
280434
280433
280432
280431
280430
280429
280428
280427
280426
280425
280424
280423
280422
280421
280420
280419
280418
280417
280416
280415
280414
280413
280412
280411
280410
280409
280408
280407
280406
280405
280404
280403
280402
280401
280400
280399
280398
280397
280396
280395
280394
280393
280392
280391
280390
280389
280388
280387
280386
280385
280384
280383
280382
280381
280380
280379
280378
280377
280376
280375
280374
280373
280372
280371
280370
280369
280368
280367
280366
280365
280364
280363
280362
280361
280360
280359
280358
280357
280356
280355
280354
280353
280352
280351
280350
280349
280348
280347
280346
280345
280344
280343
280342
280341
280340
280339
280338
280337
280336
280335
280334
280333
280332
280331
280330
280329
280328
280327
280326
280325
280324
280323
280322
280321
280320
280319
280318
280317
280316
280315
280314
280313
280312
280311
280310
280309
280308
280307
280306
280305
280304
280303
280302
280301
280300
280299
280298
280297
280296
280295
280294
280293
280292
280291
280290
280289
280288
280287
280286
280285
280284
280283
280282
280281
280280
280279
280278
280277
280276
280275
280274
280273
280272
280271
280270
280269
280268
280267
280266
280265
280264
280263
280262
280261
280260
280259
280258
280257
280256
280255
280254
280253
280252
280251
280250
280249
280248
280247
280246
280245
280244
280243
280242
280241
280240
280239
280238
280237
280236
280235
280234
280233
280232
280231
280230
280229
280228
280227
280226
280225
280224
280223
280222
280221
280220
280219
280218
280217
280216
280215
280214
280213
280212
280211
280210
280209
280208
280207
280206
280205
280204
280203
280202
280201
280200
280199
280198
280197
280196
280195
280194
280193
280192
280191
280190
280189
280188
280187
280186
280185
280184
280183
280182
280181
280180
280179
280178
280177
280176
280175
280174
280173
280172
280171
280170
280169
280168
280167
280166
280165
280164
280163
280162
280161
280160
280159
280158
280157
280156
280155
280154
280153
280152
280151
280150
280149
280148
280147
280146
280145
280144
280143
280142
280141
280140
280139
280138
280137
280136
280135
280134
280133
280132
280131
280130
280129
280128
280127
280126
280125
280124
280123
280122
280121
280120
280119
280118
280117
280116
280115
280114
280113
280112
280111
280110
280109
280108
280107
280106
280105
280104
280103
280102
280101
280100
280099
280098
280097
280096
280095
280094
280093
280092
280091
280090
280089
280088
280087
280086
280085
280084
280083
280082
280081
280080
280079
280078
280077
280076
280075
280074
280073
280072
280071
280070
280069
280068
280067
280066
280065
280064
280063
280062
280061
280060
280059
280058
280057
280056
280055
280054
280053
280052
280051
280050
280049
280048
280047
280046
280045
280044
280043
280042
280041
280040
280039
280038
280037
280036
280035
280034
280033
280032
280031
280030
280029
280028
280027
280026
280025
280024
280023
280022
280021
280020
280019
280018
280017
280016
280015
280014
280013
280012
280011
280010
280009
280008
280007
280006
280005
280004
280003
280002
280001
