311822
309084
309083
309082
309081
309080
309079
309078
309077
309076
309075
309074
308964
305421
305420
305419
305418
305417
305416
305415
305414
305413
305412
305411
305410
305409
305222
305069
304161
303637
303440
303439
298561
298287
298149
298148
298147
298146
298145
298144
298143
298142
298141
298140
298139
297837
297677
297586
297528
297526
297525
297461
297460
297436
297407
297378
297376
297375
297373
297371
297370
297368
297366
297364
297363
297361
297360
297358
297357
297355
297353
297352
297350
297345
297343
297342
297341
297339
297337
297336
297332
297331
297329
297328
297326
297323
297322
297321
297318
297317
297316
297314
297312
297310
297309
297307
297306
297305
297303
297302
297301
297299
297295
295681
295537
295208
294180
293847
293226
292632
292631
292630
292628
292627
292626
292623
292622
292621
